{
  "nbformat": 4,
  "nbformat_minor": 0,
  "metadata": {
    "colab": {
      "provenance": []
    },
    "kernelspec": {
      "name": "python3",
      "display_name": "Python 3"
    },
    "language_info": {
      "name": "python"
    }
  },
  "cells": [
    {
      "cell_type": "markdown",
      "source": [
        "**Importing Necessary Libraries**"
      ],
      "metadata": {
        "id": "EcnXapXuoVnO"
      }
    },
    {
      "cell_type": "code",
      "source": [
        "pip install umap-learn"
      ],
      "metadata": {
        "colab": {
          "base_uri": "https://localhost:8080/"
        },
        "id": "JWZa5CqComSx",
        "outputId": "79fdb6ba-2bc8-43fd-bd40-5c1daeda0bf9"
      },
      "execution_count": 1,
      "outputs": [
        {
          "output_type": "stream",
          "name": "stdout",
          "text": [
            "Looking in indexes: https://pypi.org/simple, https://us-python.pkg.dev/colab-wheels/public/simple/\n",
            "Collecting umap-learn\n",
            "  Downloading umap-learn-0.5.3.tar.gz (88 kB)\n",
            "\u001b[K     |████████████████████████████████| 88 kB 3.5 MB/s \n",
            "\u001b[?25hRequirement already satisfied: numpy>=1.17 in /usr/local/lib/python3.7/dist-packages (from umap-learn) (1.21.6)\n",
            "Requirement already satisfied: scikit-learn>=0.22 in /usr/local/lib/python3.7/dist-packages (from umap-learn) (1.0.2)\n",
            "Requirement already satisfied: scipy>=1.0 in /usr/local/lib/python3.7/dist-packages (from umap-learn) (1.7.3)\n",
            "Requirement already satisfied: numba>=0.49 in /usr/local/lib/python3.7/dist-packages (from umap-learn) (0.56.2)\n",
            "Collecting pynndescent>=0.5\n",
            "  Downloading pynndescent-0.5.7.tar.gz (1.1 MB)\n",
            "\u001b[K     |████████████████████████████████| 1.1 MB 10.0 MB/s \n",
            "\u001b[?25hRequirement already satisfied: tqdm in /usr/local/lib/python3.7/dist-packages (from umap-learn) (4.64.1)\n",
            "Requirement already satisfied: llvmlite<0.40,>=0.39.0dev0 in /usr/local/lib/python3.7/dist-packages (from numba>=0.49->umap-learn) (0.39.1)\n",
            "Requirement already satisfied: setuptools<60 in /usr/local/lib/python3.7/dist-packages (from numba>=0.49->umap-learn) (57.4.0)\n",
            "Requirement already satisfied: importlib-metadata in /usr/local/lib/python3.7/dist-packages (from numba>=0.49->umap-learn) (5.0.0)\n",
            "Requirement already satisfied: joblib>=0.11 in /usr/local/lib/python3.7/dist-packages (from pynndescent>=0.5->umap-learn) (1.2.0)\n",
            "Requirement already satisfied: threadpoolctl>=2.0.0 in /usr/local/lib/python3.7/dist-packages (from scikit-learn>=0.22->umap-learn) (3.1.0)\n",
            "Requirement already satisfied: typing-extensions>=3.6.4 in /usr/local/lib/python3.7/dist-packages (from importlib-metadata->numba>=0.49->umap-learn) (4.1.1)\n",
            "Requirement already satisfied: zipp>=0.5 in /usr/local/lib/python3.7/dist-packages (from importlib-metadata->numba>=0.49->umap-learn) (3.9.0)\n",
            "Building wheels for collected packages: umap-learn, pynndescent\n",
            "  Building wheel for umap-learn (setup.py) ... \u001b[?25l\u001b[?25hdone\n",
            "  Created wheel for umap-learn: filename=umap_learn-0.5.3-py3-none-any.whl size=82829 sha256=7779fcaa77cd09ed9e57fd2317986ae2ed8c745e3ede43fbaed95e109f4d5113\n",
            "  Stored in directory: /root/.cache/pip/wheels/b3/52/a5/1fd9e3e76a7ab34f134c07469cd6f16e27ef3a37aeff1fe821\n",
            "  Building wheel for pynndescent (setup.py) ... \u001b[?25l\u001b[?25hdone\n",
            "  Created wheel for pynndescent: filename=pynndescent-0.5.7-py3-none-any.whl size=54286 sha256=fdc0916428f9ecc69f7667b53159ad1d58a00a06acd2adbdba414f491a3fad1a\n",
            "  Stored in directory: /root/.cache/pip/wheels/7f/2a/f8/7bd5dcec71bd5c669f6f574db3113513696b98f3f9b51f496c\n",
            "Successfully built umap-learn pynndescent\n",
            "Installing collected packages: pynndescent, umap-learn\n",
            "Successfully installed pynndescent-0.5.7 umap-learn-0.5.3\n"
          ]
        }
      ]
    },
    {
      "cell_type": "code",
      "execution_count": 2,
      "metadata": {
        "id": "IYNZkFTRoR5g"
      },
      "outputs": [],
      "source": [
        "import numpy as np\n",
        "import pandas as pd\n",
        "import matplotlib.pyplot as plt\n",
        "from sklearn.preprocessing import StandardScaler\n",
        "from sklearn.cluster import KMeans\n",
        "import umap.umap_ as umap\n",
        "import plotly.graph_objs as go\n",
        "import plotly.figure_factory as ff"
      ]
    },
    {
      "cell_type": "markdown",
      "source": [
        "**Importing dataset and examining it**"
      ],
      "metadata": {
        "id": "VmPYnIIro0dA"
      }
    },
    {
      "cell_type": "code",
      "source": [
        "dataset = pd.read_csv(\"Employees.csv\")\n",
        "print(dataset.head())\n",
        "print(dataset.shape)\n",
        "print(dataset.info())\n",
        "print(dataset.describe())"
      ],
      "metadata": {
        "colab": {
          "base_uri": "https://localhost:8080/"
        },
        "id": "Y3ESSRkJo3q4",
        "outputId": "4076e9d9-cc86-4963-9a52-3d041417b510"
      },
      "execution_count": 3,
      "outputs": [
        {
          "output_type": "stream",
          "name": "stdout",
          "text": [
            "   Age BusinessTravel       Department  DistanceFromHome  Education  \\\n",
            "0   46  Travel_Rarely  Human Resources                 5          2   \n",
            "1   37  Travel_Rarely  Human Resources                 6          4   \n",
            "2   59     Non-Travel  Human Resources                 2          4   \n",
            "3   54     Non-Travel  Human Resources                26          3   \n",
            "4   26  Travel_Rarely  Human Resources                25          1   \n",
            "\n",
            "    EducationField  EnvironmentSatisfaction  Gender  JobInvolvement  JobLevel  \\\n",
            "0          Medical                        2    Male               3         2   \n",
            "1  Human Resources                        3    Male               3         1   \n",
            "2  Human Resources                        3  Female               2         5   \n",
            "3  Human Resources                        4  Female               4         4   \n",
            "4    Life Sciences                        3  Female               3         1   \n",
            "\n",
            "   ... PercentSalaryHike  PerformanceRating StockOptionLevel  \\\n",
            "0  ...                22                  4                1   \n",
            "1  ...                22                  4                0   \n",
            "2  ...                21                  4                1   \n",
            "3  ...                12                  3                0   \n",
            "4  ...                23                  4                1   \n",
            "\n",
            "   TotalWorkingYears  TrainingTimesLastYear WorkLifeBalance  YearsAtCompany  \\\n",
            "0                 16                      2               3               4   \n",
            "1                  7                      3               3               3   \n",
            "2                 30                      3               3               3   \n",
            "3                 23                      3               3               5   \n",
            "4                  8                      3               3               8   \n",
            "\n",
            "   YearsInCurrentRole  YearsSinceLastPromotion  YearsWithCurrManager  \n",
            "0                   2                        0                     2  \n",
            "1                   2                        0                     2  \n",
            "2                   2                        2                     2  \n",
            "3                   3                        4                     4  \n",
            "4                   7                        5                     7  \n",
            "\n",
            "[5 rows x 26 columns]\n",
            "(1470, 26)\n",
            "<class 'pandas.core.frame.DataFrame'>\n",
            "RangeIndex: 1470 entries, 0 to 1469\n",
            "Data columns (total 26 columns):\n",
            " #   Column                   Non-Null Count  Dtype \n",
            "---  ------                   --------------  ----- \n",
            " 0   Age                      1470 non-null   int64 \n",
            " 1   BusinessTravel           1470 non-null   object\n",
            " 2   Department               1470 non-null   object\n",
            " 3   DistanceFromHome         1470 non-null   int64 \n",
            " 4   Education                1470 non-null   int64 \n",
            " 5   EducationField           1470 non-null   object\n",
            " 6   EnvironmentSatisfaction  1470 non-null   int64 \n",
            " 7   Gender                   1470 non-null   object\n",
            " 8   JobInvolvement           1470 non-null   int64 \n",
            " 9   JobLevel                 1470 non-null   int64 \n",
            " 10  JobRole                  1470 non-null   object\n",
            " 11  JobSatisfaction          1470 non-null   int64 \n",
            " 12  MaritalStatus            1470 non-null   object\n",
            " 13  MonthlyIncome            1470 non-null   int64 \n",
            " 14  NumCompaniesWorked       1470 non-null   int64 \n",
            " 15  OverTime                 1470 non-null   object\n",
            " 16  PercentSalaryHike        1470 non-null   int64 \n",
            " 17  PerformanceRating        1470 non-null   int64 \n",
            " 18  StockOptionLevel         1470 non-null   int64 \n",
            " 19  TotalWorkingYears        1470 non-null   int64 \n",
            " 20  TrainingTimesLastYear    1470 non-null   int64 \n",
            " 21  WorkLifeBalance          1470 non-null   int64 \n",
            " 22  YearsAtCompany           1470 non-null   int64 \n",
            " 23  YearsInCurrentRole       1470 non-null   int64 \n",
            " 24  YearsSinceLastPromotion  1470 non-null   int64 \n",
            " 25  YearsWithCurrManager     1470 non-null   int64 \n",
            "dtypes: int64(19), object(7)\n",
            "memory usage: 298.7+ KB\n",
            "None\n",
            "               Age  DistanceFromHome    Education  EnvironmentSatisfaction  \\\n",
            "count  1470.000000       1470.000000  1470.000000              1470.000000   \n",
            "mean     36.923810          9.192517     2.912925                 2.721769   \n",
            "std       9.135373          8.106864     1.024165                 1.093082   \n",
            "min      18.000000          1.000000     1.000000                 1.000000   \n",
            "25%      30.000000          2.000000     2.000000                 2.000000   \n",
            "50%      36.000000          7.000000     3.000000                 3.000000   \n",
            "75%      43.000000         14.000000     4.000000                 4.000000   \n",
            "max      60.000000         29.000000     5.000000                 4.000000   \n",
            "\n",
            "       JobInvolvement     JobLevel  JobSatisfaction  MonthlyIncome  \\\n",
            "count     1470.000000  1470.000000      1470.000000    1470.000000   \n",
            "mean         2.729932     2.063946         2.728571    6502.931293   \n",
            "std          0.711561     1.106940         1.102846    4707.956783   \n",
            "min          1.000000     1.000000         1.000000    1009.000000   \n",
            "25%          2.000000     1.000000         2.000000    2911.000000   \n",
            "50%          3.000000     2.000000         3.000000    4919.000000   \n",
            "75%          3.000000     3.000000         4.000000    8379.000000   \n",
            "max          4.000000     5.000000         4.000000   19999.000000   \n",
            "\n",
            "       NumCompaniesWorked  PercentSalaryHike  PerformanceRating  \\\n",
            "count         1470.000000        1470.000000        1470.000000   \n",
            "mean             2.693197          15.209524           3.153741   \n",
            "std              2.498009           3.659938           0.360824   \n",
            "min              0.000000          11.000000           3.000000   \n",
            "25%              1.000000          12.000000           3.000000   \n",
            "50%              2.000000          14.000000           3.000000   \n",
            "75%              4.000000          18.000000           3.000000   \n",
            "max              9.000000          25.000000           4.000000   \n",
            "\n",
            "       StockOptionLevel  TotalWorkingYears  TrainingTimesLastYear  \\\n",
            "count       1470.000000        1470.000000            1470.000000   \n",
            "mean           0.793878          11.279592               2.799320   \n",
            "std            0.852077           7.780782               1.289271   \n",
            "min            0.000000           0.000000               0.000000   \n",
            "25%            0.000000           6.000000               2.000000   \n",
            "50%            1.000000          10.000000               3.000000   \n",
            "75%            1.000000          15.000000               3.000000   \n",
            "max            3.000000          40.000000               6.000000   \n",
            "\n",
            "       WorkLifeBalance  YearsAtCompany  YearsInCurrentRole  \\\n",
            "count      1470.000000     1470.000000         1470.000000   \n",
            "mean          2.761224        7.008163            4.229252   \n",
            "std           0.706476        6.126525            3.623137   \n",
            "min           1.000000        0.000000            0.000000   \n",
            "25%           2.000000        3.000000            2.000000   \n",
            "50%           3.000000        5.000000            3.000000   \n",
            "75%           3.000000        9.000000            7.000000   \n",
            "max           4.000000       40.000000           18.000000   \n",
            "\n",
            "       YearsSinceLastPromotion  YearsWithCurrManager  \n",
            "count              1470.000000           1470.000000  \n",
            "mean                  2.187755              4.123129  \n",
            "std                   3.222430              3.568136  \n",
            "min                   0.000000              0.000000  \n",
            "25%                   0.000000              2.000000  \n",
            "50%                   1.000000              3.000000  \n",
            "75%                   3.000000              7.000000  \n",
            "max                  15.000000             17.000000  \n"
          ]
        }
      ]
    },
    {
      "cell_type": "markdown",
      "source": [
        "**Converting categorical features to numerical features**"
      ],
      "metadata": {
        "id": "-8aSOyQgo7lH"
      }
    },
    {
      "cell_type": "code",
      "source": [
        "dataset['Gender'] = dataset['Gender'].map({'Male': 1, 'Female':0})\n",
        "dataset['OverTime'] = dataset['OverTime'].map({'Yes': 1, 'No':0})"
      ],
      "metadata": {
        "id": "9IXWBngjpBlu"
      },
      "execution_count": 4,
      "outputs": []
    },
    {
      "cell_type": "markdown",
      "source": [
        "**Plotting Correlation Heatmap**"
      ],
      "metadata": {
        "id": "lGo696S4pEmn"
      }
    },
    {
      "cell_type": "code",
      "source": [
        "corrs = dataset.corr()\n",
        "figure = ff.create_annotated_heatmap(\n",
        "    z=corrs.values,\n",
        "    x=list(corrs.columns),\n",
        "    y=list(corrs.index),\n",
        "    annotation_text=corrs.round(2).values,\n",
        "    showscale=True)\n",
        "figure.show()"
      ],
      "metadata": {
        "colab": {
          "base_uri": "https://localhost:8080/",
          "height": 542
        },
        "id": "Tr0j3TVZpHXL",
        "outputId": "f76dfbec-29ca-44b1-f17a-dc0140e37108"
      },
      "execution_count": 5,
      "outputs": [
        {
          "output_type": "display_data",
          "data": {
            "text/html": [
              "<html>\n",
              "<head><meta charset=\"utf-8\" /></head>\n",
              "<body>\n",
              "    <div>            <script src=\"https://cdnjs.cloudflare.com/ajax/libs/mathjax/2.7.5/MathJax.js?config=TeX-AMS-MML_SVG\"></script><script type=\"text/javascript\">if (window.MathJax) {MathJax.Hub.Config({SVG: {font: \"STIX-Web\"}});}</script>                <script type=\"text/javascript\">window.PlotlyConfig = {MathJaxConfig: 'local'};</script>\n",
              "        <script src=\"https://cdn.plot.ly/plotly-2.8.3.min.js\"></script>                <div id=\"6d642b2d-0632-4fa7-9421-52c06791ee7d\" class=\"plotly-graph-div\" style=\"height:525px; width:100%;\"></div>            <script type=\"text/javascript\">                                    window.PLOTLYENV=window.PLOTLYENV || {};                                    if (document.getElementById(\"6d642b2d-0632-4fa7-9421-52c06791ee7d\")) {                    Plotly.newPlot(                        \"6d642b2d-0632-4fa7-9421-52c06791ee7d\",                        [{\"colorscale\":[[0.0,\"#0d0887\"],[0.1111111111111111,\"#46039f\"],[0.2222222222222222,\"#7201a8\"],[0.3333333333333333,\"#9c179e\"],[0.4444444444444444,\"#bd3786\"],[0.5555555555555556,\"#d8576b\"],[0.6666666666666666,\"#ed7953\"],[0.7777777777777778,\"#fb9f3a\"],[0.8888888888888888,\"#fdca26\"],[1.0,\"#f0f921\"]],\"reversescale\":false,\"showscale\":true,\"x\":[\"Age\",\"DistanceFromHome\",\"Education\",\"EnvironmentSatisfaction\",\"Gender\",\"JobInvolvement\",\"JobLevel\",\"JobSatisfaction\",\"MonthlyIncome\",\"NumCompaniesWorked\",\"OverTime\",\"PercentSalaryHike\",\"PerformanceRating\",\"StockOptionLevel\",\"TotalWorkingYears\",\"TrainingTimesLastYear\",\"WorkLifeBalance\",\"YearsAtCompany\",\"YearsInCurrentRole\",\"YearsSinceLastPromotion\",\"YearsWithCurrManager\"],\"y\":[\"Age\",\"DistanceFromHome\",\"Education\",\"EnvironmentSatisfaction\",\"Gender\",\"JobInvolvement\",\"JobLevel\",\"JobSatisfaction\",\"MonthlyIncome\",\"NumCompaniesWorked\",\"OverTime\",\"PercentSalaryHike\",\"PerformanceRating\",\"StockOptionLevel\",\"TotalWorkingYears\",\"TrainingTimesLastYear\",\"WorkLifeBalance\",\"YearsAtCompany\",\"YearsInCurrentRole\",\"YearsSinceLastPromotion\",\"YearsWithCurrManager\"],\"z\":[[1.0,-0.0016861201480870519,0.20803373101424003,0.010146427861437254,-0.03631055011579356,0.02981995862959046,0.5096042284323843,-0.00489187714868734,0.49785456692658037,0.29963475798369243,0.02806235708412409,0.003633584914861771,0.001903895512758639,0.03750971242477794,0.6803805357911993,-0.019620818942698372,-0.02149002795709876,0.31130876974509863,0.21290105556556735,0.2165133678516536,0.2020886023751521],[-0.0016861201480870519,1.0,0.021041825624123368,-0.016075326996493545,-0.001850527991125811,0.008783279886444183,0.005302730554496026,-0.003668839167720512,-0.01701444474527588,-0.02925080419729297,0.025513634949946237,0.04023537745919315,0.027109618481976017,0.04487199885318152,0.004628425863783897,-0.03694223433991593,-0.026556004106569154,0.009507719899011263,0.018844999108945635,0.01002883594311534,0.014406048430629972],[0.20803373101424003,0.021041825624123368,1.0,-0.027128313256511716,-0.01654682744388581,0.04243763431860804,0.10158888624850046,-0.011296116736573998,0.09496067704188872,0.1263165601766846,-0.020321767395703717,-0.011110940860654187,-0.02453879116483358,0.018422220204016963,0.14827969653887277,-0.025100241137933466,0.009819189309781878,0.0691136960313386,0.060235554120695846,0.05425433359132033,0.0690653782552845],[0.010146427861437254,-0.016075326996493545,-0.027128313256511716,1.0,0.0005083138899311997,-0.008277598171759059,0.0012116994489136514,-0.006784352599075048,-0.006259087754780314,0.012594323218943371,0.07013172677409488,-0.031701195241791984,-0.029547952297680733,0.003432157755057471,-0.0026930703885341355,-0.01935930834713256,0.027627295460115314,0.0014575491911164396,0.018007460142878396,0.016193605568453267,-0.004998722628107552],[-0.03631055011579356,-0.001850527991125811,-0.01654682744388581,0.0005083138899311997,1.0,0.017959755383917288,-0.03940310267613356,0.03325169742246461,-0.03185849179665434,-0.03914744956027878,-0.04192434795198774,0.0027326475148592416,-0.013859018361688851,0.012715713764063429,-0.0468809394777832,-0.03878673547787923,-0.0027526788208191667,-0.02974708593503414,-0.04148272852576763,-0.02698457717294433,-0.030598909280602545],[0.02981995862959046,0.008783279886444183,0.04243763431860804,-0.008277598171759059,0.017959755383917288,1.0,-0.012629882671190877,-0.021475910335306592,-0.015271490778732915,0.015012413243110949,-0.003506710569404241,-0.017204572244480427,-0.02907133343906974,0.021522640378023986,-0.005533182057407362,-0.015337825759429302,-0.014616593162761997,-0.02135542697962984,0.008716963497611474,-0.02418429236517901,0.025975807949088738],[0.5096042284323843,0.005302730554496026,0.10158888624850046,0.0012116994489136514,-0.03940310267613356,-0.012629882671190877,1.0,-0.001943708026745663,0.9502999134798469,0.14250112381048707,0.0005440477748809603,-0.03473049227941808,-0.021222082108857662,0.01398391052861541,0.7822078045362734,-0.018190550193549274,0.037817745596666195,0.5347386873756309,0.38944673287666937,0.3538853469641021,0.3752806077657249],[-0.00489187714868734,-0.003668839167720512,-0.011296116736573998,-0.006784352599075048,0.03325169742246461,-0.021475910335306592,-0.001943708026745663,1.0,-0.007156742355912644,-0.055699426012745995,0.024539481060031447,0.020002039364081875,0.0022971970637803677,0.010690226120755982,-0.020185072685016778,-0.005779334958609014,-0.019458710212973965,-0.0038026279482879996,-0.0023047852298300484,-0.018213567810190814,-0.027656213884289887],[0.49785456692658037,-0.01701444474527588,0.09496067704188872,-0.006259087754780314,-0.03185849179665434,-0.015271490778732915,0.9502999134798469,-0.007156742355912644,1.0,0.14951521598969864,0.006089285402589941,-0.027268586440314463,-0.01712013823739109,0.005407676696812223,0.7728932462543577,-0.021736276823893237,0.030683081556940467,0.5142848257331963,0.3638176669287085,0.3449776381654269,0.3440788832587208],[0.29963475798369243,-0.02925080419729297,0.1263165601766846,0.012594323218943371,-0.03914744956027878,0.015012413243110949,0.14250112381048707,-0.055699426012745995,0.14951521598969864,1.0,-0.020785821366833962,-0.010238309359925637,-0.014094872753535017,0.030075475096897574,0.23763858978479507,-0.06605407172783662,-0.008365684790058565,-0.11842134024259103,-0.09075393370080803,-0.036813892383508025,-0.11031915543773263],[0.02806235708412409,0.025513634949946237,-0.020321767395703717,0.07013172677409488,-0.04192434795198774,-0.003506710569404241,0.0005440477748809603,0.024539481060031447,0.006089285402589941,-0.020785821366833962,1.0,-0.005432826650792753,0.004369120061651835,-0.00044867072191969397,0.012754266341936396,-0.07911337155100971,-0.02709187847239309,-0.011687120468355157,-0.0297580089479894,-0.012238822598887948,-0.04158599865385777],[0.003633584914861771,0.04023537745919315,-0.011110940860654187,-0.031701195241791984,0.0027326475148592416,-0.017204572244480427,-0.03473049227941808,0.020002039364081875,-0.027268586440314463,-0.010238309359925637,-0.005432826650792753,1.0,0.7735499964012676,0.007527747820520218,-0.02060848761769128,-0.005221012351720949,-0.0032796360093680717,-0.035991262431953525,-0.0015200265442776749,-0.022154312598865994,-0.01198524847236131],[0.001903895512758639,0.027109618481976017,-0.02453879116483358,-0.029547952297680733,-0.013859018361688851,-0.02907133343906974,-0.021222082108857662,0.0022971970637803677,-0.01712013823739109,-0.014094872753535017,0.004369120061651835,0.7735499964012676,1.0,0.0035064716148100095,0.006743667905952967,-0.015578881739137629,0.002572361317682569,0.0034351261159236857,0.034986260407194526,0.017896066144799452,0.022827168908479564],[0.03750971242477794,0.04487199885318152,0.018422220204016963,0.003432157755057471,0.012715713764063429,0.021522640378023986,0.01398391052861541,0.010690226120755982,0.005407676696812223,0.030075475096897574,-0.00044867072191969397,0.007527747820520218,0.0035064716148100095,1.0,0.010135969318901697,0.011274069611249129,0.004128730002871318,0.015058008028094488,0.05081787275393159,0.014352184864355454,0.02469822656303002],[0.6803805357911993,0.004628425863783897,0.14827969653887277,-0.0026930703885341355,-0.0468809394777832,-0.005533182057407362,0.7822078045362734,-0.020185072685016778,0.7728932462543577,0.23763858978479507,0.012754266341936396,-0.02060848761769128,0.006743667905952967,0.010135969318901697,1.0,-0.03566157127961904,0.001007645621896439,0.6281331552682461,0.4603646380118098,0.40485775850255934,0.4591883970831441],[-0.019620818942698372,-0.03694223433991593,-0.025100241137933466,-0.01935930834713256,-0.03878673547787923,-0.015337825759429302,-0.018190550193549274,-0.005779334958609014,-0.021736276823893237,-0.06605407172783662,-0.07911337155100971,-0.005221012351720949,-0.015578881739137629,0.011274069611249129,-0.03566157127961904,1.0,0.02807220660362893,0.0035686656784274613,-0.005737504337956778,-0.0020665360380059347,-0.004095526021226095],[-0.02149002795709876,-0.026556004106569154,0.009819189309781878,0.027627295460115314,-0.0027526788208191667,-0.014616593162761997,0.037817745596666195,-0.019458710212973965,0.030683081556940467,-0.008365684790058565,-0.02709187847239309,-0.0032796360093680717,0.002572361317682569,0.004128730002871318,0.001007645621896439,0.02807220660362893,1.0,0.012089185354581252,0.04985649792220414,0.008941249141234259,0.0027594402423404127],[0.31130876974509863,0.009507719899011263,0.0691136960313386,0.0014575491911164396,-0.02974708593503414,-0.02135542697962984,0.5347386873756309,-0.0038026279482879996,0.5142848257331963,-0.11842134024259103,-0.011687120468355157,-0.035991262431953525,0.0034351261159236857,0.015058008028094488,0.6281331552682461,0.0035686656784274613,0.012089185354581252,1.0,0.7587537366134598,0.6184088652176025,0.7692124251007015],[0.21290105556556735,0.018844999108945635,0.060235554120695846,0.018007460142878396,-0.04148272852576763,0.008716963497611474,0.38944673287666937,-0.0023047852298300484,0.3638176669287085,-0.09075393370080803,-0.0297580089479894,-0.0015200265442776749,0.034986260407194526,0.05081787275393159,0.4603646380118098,-0.005737504337956778,0.04985649792220414,0.7587537366134598,1.0,0.5480562476995172,0.7143647616385913],[0.2165133678516536,0.01002883594311534,0.05425433359132033,0.016193605568453267,-0.02698457717294433,-0.02418429236517901,0.3538853469641021,-0.018213567810190814,0.3449776381654269,-0.036813892383508025,-0.012238822598887948,-0.022154312598865994,0.017896066144799452,0.014352184864355454,0.40485775850255934,-0.0020665360380059347,0.008941249141234259,0.6184088652176025,0.5480562476995172,1.0,0.5102236357788082],[0.2020886023751521,0.014406048430629972,0.0690653782552845,-0.004998722628107552,-0.030598909280602545,0.025975807949088738,0.3752806077657249,-0.027656213884289887,0.3440788832587208,-0.11031915543773263,-0.04158599865385777,-0.01198524847236131,0.022827168908479564,0.02469822656303002,0.4591883970831441,-0.004095526021226095,0.0027594402423404127,0.7692124251007015,0.7143647616385913,0.5102236357788082,1.0]],\"type\":\"heatmap\"}],                        {\"annotations\":[{\"font\":{\"color\":\"#000000\"},\"showarrow\":false,\"text\":\"1.0\",\"x\":\"Age\",\"xref\":\"x\",\"y\":\"Age\",\"yref\":\"y\"},{\"font\":{\"color\":\"#FFFFFF\"},\"showarrow\":false,\"text\":\"-0.0\",\"x\":\"DistanceFromHome\",\"xref\":\"x\",\"y\":\"Age\",\"yref\":\"y\"},{\"font\":{\"color\":\"#FFFFFF\"},\"showarrow\":false,\"text\":\"0.21\",\"x\":\"Education\",\"xref\":\"x\",\"y\":\"Age\",\"yref\":\"y\"},{\"font\":{\"color\":\"#FFFFFF\"},\"showarrow\":false,\"text\":\"0.01\",\"x\":\"EnvironmentSatisfaction\",\"xref\":\"x\",\"y\":\"Age\",\"yref\":\"y\"},{\"font\":{\"color\":\"#FFFFFF\"},\"showarrow\":false,\"text\":\"-0.04\",\"x\":\"Gender\",\"xref\":\"x\",\"y\":\"Age\",\"yref\":\"y\"},{\"font\":{\"color\":\"#FFFFFF\"},\"showarrow\":false,\"text\":\"0.03\",\"x\":\"JobInvolvement\",\"xref\":\"x\",\"y\":\"Age\",\"yref\":\"y\"},{\"font\":{\"color\":\"#000000\"},\"showarrow\":false,\"text\":\"0.51\",\"x\":\"JobLevel\",\"xref\":\"x\",\"y\":\"Age\",\"yref\":\"y\"},{\"font\":{\"color\":\"#FFFFFF\"},\"showarrow\":false,\"text\":\"-0.0\",\"x\":\"JobSatisfaction\",\"xref\":\"x\",\"y\":\"Age\",\"yref\":\"y\"},{\"font\":{\"color\":\"#000000\"},\"showarrow\":false,\"text\":\"0.5\",\"x\":\"MonthlyIncome\",\"xref\":\"x\",\"y\":\"Age\",\"yref\":\"y\"},{\"font\":{\"color\":\"#FFFFFF\"},\"showarrow\":false,\"text\":\"0.3\",\"x\":\"NumCompaniesWorked\",\"xref\":\"x\",\"y\":\"Age\",\"yref\":\"y\"},{\"font\":{\"color\":\"#FFFFFF\"},\"showarrow\":false,\"text\":\"0.03\",\"x\":\"OverTime\",\"xref\":\"x\",\"y\":\"Age\",\"yref\":\"y\"},{\"font\":{\"color\":\"#FFFFFF\"},\"showarrow\":false,\"text\":\"0.0\",\"x\":\"PercentSalaryHike\",\"xref\":\"x\",\"y\":\"Age\",\"yref\":\"y\"},{\"font\":{\"color\":\"#FFFFFF\"},\"showarrow\":false,\"text\":\"0.0\",\"x\":\"PerformanceRating\",\"xref\":\"x\",\"y\":\"Age\",\"yref\":\"y\"},{\"font\":{\"color\":\"#FFFFFF\"},\"showarrow\":false,\"text\":\"0.04\",\"x\":\"StockOptionLevel\",\"xref\":\"x\",\"y\":\"Age\",\"yref\":\"y\"},{\"font\":{\"color\":\"#000000\"},\"showarrow\":false,\"text\":\"0.68\",\"x\":\"TotalWorkingYears\",\"xref\":\"x\",\"y\":\"Age\",\"yref\":\"y\"},{\"font\":{\"color\":\"#FFFFFF\"},\"showarrow\":false,\"text\":\"-0.02\",\"x\":\"TrainingTimesLastYear\",\"xref\":\"x\",\"y\":\"Age\",\"yref\":\"y\"},{\"font\":{\"color\":\"#FFFFFF\"},\"showarrow\":false,\"text\":\"-0.02\",\"x\":\"WorkLifeBalance\",\"xref\":\"x\",\"y\":\"Age\",\"yref\":\"y\"},{\"font\":{\"color\":\"#FFFFFF\"},\"showarrow\":false,\"text\":\"0.31\",\"x\":\"YearsAtCompany\",\"xref\":\"x\",\"y\":\"Age\",\"yref\":\"y\"},{\"font\":{\"color\":\"#FFFFFF\"},\"showarrow\":false,\"text\":\"0.21\",\"x\":\"YearsInCurrentRole\",\"xref\":\"x\",\"y\":\"Age\",\"yref\":\"y\"},{\"font\":{\"color\":\"#FFFFFF\"},\"showarrow\":false,\"text\":\"0.22\",\"x\":\"YearsSinceLastPromotion\",\"xref\":\"x\",\"y\":\"Age\",\"yref\":\"y\"},{\"font\":{\"color\":\"#FFFFFF\"},\"showarrow\":false,\"text\":\"0.2\",\"x\":\"YearsWithCurrManager\",\"xref\":\"x\",\"y\":\"Age\",\"yref\":\"y\"},{\"font\":{\"color\":\"#FFFFFF\"},\"showarrow\":false,\"text\":\"-0.0\",\"x\":\"Age\",\"xref\":\"x\",\"y\":\"DistanceFromHome\",\"yref\":\"y\"},{\"font\":{\"color\":\"#000000\"},\"showarrow\":false,\"text\":\"1.0\",\"x\":\"DistanceFromHome\",\"xref\":\"x\",\"y\":\"DistanceFromHome\",\"yref\":\"y\"},{\"font\":{\"color\":\"#FFFFFF\"},\"showarrow\":false,\"text\":\"0.02\",\"x\":\"Education\",\"xref\":\"x\",\"y\":\"DistanceFromHome\",\"yref\":\"y\"},{\"font\":{\"color\":\"#FFFFFF\"},\"showarrow\":false,\"text\":\"-0.02\",\"x\":\"EnvironmentSatisfaction\",\"xref\":\"x\",\"y\":\"DistanceFromHome\",\"yref\":\"y\"},{\"font\":{\"color\":\"#FFFFFF\"},\"showarrow\":false,\"text\":\"-0.0\",\"x\":\"Gender\",\"xref\":\"x\",\"y\":\"DistanceFromHome\",\"yref\":\"y\"},{\"font\":{\"color\":\"#FFFFFF\"},\"showarrow\":false,\"text\":\"0.01\",\"x\":\"JobInvolvement\",\"xref\":\"x\",\"y\":\"DistanceFromHome\",\"yref\":\"y\"},{\"font\":{\"color\":\"#FFFFFF\"},\"showarrow\":false,\"text\":\"0.01\",\"x\":\"JobLevel\",\"xref\":\"x\",\"y\":\"DistanceFromHome\",\"yref\":\"y\"},{\"font\":{\"color\":\"#FFFFFF\"},\"showarrow\":false,\"text\":\"-0.0\",\"x\":\"JobSatisfaction\",\"xref\":\"x\",\"y\":\"DistanceFromHome\",\"yref\":\"y\"},{\"font\":{\"color\":\"#FFFFFF\"},\"showarrow\":false,\"text\":\"-0.02\",\"x\":\"MonthlyIncome\",\"xref\":\"x\",\"y\":\"DistanceFromHome\",\"yref\":\"y\"},{\"font\":{\"color\":\"#FFFFFF\"},\"showarrow\":false,\"text\":\"-0.03\",\"x\":\"NumCompaniesWorked\",\"xref\":\"x\",\"y\":\"DistanceFromHome\",\"yref\":\"y\"},{\"font\":{\"color\":\"#FFFFFF\"},\"showarrow\":false,\"text\":\"0.03\",\"x\":\"OverTime\",\"xref\":\"x\",\"y\":\"DistanceFromHome\",\"yref\":\"y\"},{\"font\":{\"color\":\"#FFFFFF\"},\"showarrow\":false,\"text\":\"0.04\",\"x\":\"PercentSalaryHike\",\"xref\":\"x\",\"y\":\"DistanceFromHome\",\"yref\":\"y\"},{\"font\":{\"color\":\"#FFFFFF\"},\"showarrow\":false,\"text\":\"0.03\",\"x\":\"PerformanceRating\",\"xref\":\"x\",\"y\":\"DistanceFromHome\",\"yref\":\"y\"},{\"font\":{\"color\":\"#FFFFFF\"},\"showarrow\":false,\"text\":\"0.04\",\"x\":\"StockOptionLevel\",\"xref\":\"x\",\"y\":\"DistanceFromHome\",\"yref\":\"y\"},{\"font\":{\"color\":\"#FFFFFF\"},\"showarrow\":false,\"text\":\"0.0\",\"x\":\"TotalWorkingYears\",\"xref\":\"x\",\"y\":\"DistanceFromHome\",\"yref\":\"y\"},{\"font\":{\"color\":\"#FFFFFF\"},\"showarrow\":false,\"text\":\"-0.04\",\"x\":\"TrainingTimesLastYear\",\"xref\":\"x\",\"y\":\"DistanceFromHome\",\"yref\":\"y\"},{\"font\":{\"color\":\"#FFFFFF\"},\"showarrow\":false,\"text\":\"-0.03\",\"x\":\"WorkLifeBalance\",\"xref\":\"x\",\"y\":\"DistanceFromHome\",\"yref\":\"y\"},{\"font\":{\"color\":\"#FFFFFF\"},\"showarrow\":false,\"text\":\"0.01\",\"x\":\"YearsAtCompany\",\"xref\":\"x\",\"y\":\"DistanceFromHome\",\"yref\":\"y\"},{\"font\":{\"color\":\"#FFFFFF\"},\"showarrow\":false,\"text\":\"0.02\",\"x\":\"YearsInCurrentRole\",\"xref\":\"x\",\"y\":\"DistanceFromHome\",\"yref\":\"y\"},{\"font\":{\"color\":\"#FFFFFF\"},\"showarrow\":false,\"text\":\"0.01\",\"x\":\"YearsSinceLastPromotion\",\"xref\":\"x\",\"y\":\"DistanceFromHome\",\"yref\":\"y\"},{\"font\":{\"color\":\"#FFFFFF\"},\"showarrow\":false,\"text\":\"0.01\",\"x\":\"YearsWithCurrManager\",\"xref\":\"x\",\"y\":\"DistanceFromHome\",\"yref\":\"y\"},{\"font\":{\"color\":\"#FFFFFF\"},\"showarrow\":false,\"text\":\"0.21\",\"x\":\"Age\",\"xref\":\"x\",\"y\":\"Education\",\"yref\":\"y\"},{\"font\":{\"color\":\"#FFFFFF\"},\"showarrow\":false,\"text\":\"0.02\",\"x\":\"DistanceFromHome\",\"xref\":\"x\",\"y\":\"Education\",\"yref\":\"y\"},{\"font\":{\"color\":\"#000000\"},\"showarrow\":false,\"text\":\"1.0\",\"x\":\"Education\",\"xref\":\"x\",\"y\":\"Education\",\"yref\":\"y\"},{\"font\":{\"color\":\"#FFFFFF\"},\"showarrow\":false,\"text\":\"-0.03\",\"x\":\"EnvironmentSatisfaction\",\"xref\":\"x\",\"y\":\"Education\",\"yref\":\"y\"},{\"font\":{\"color\":\"#FFFFFF\"},\"showarrow\":false,\"text\":\"-0.02\",\"x\":\"Gender\",\"xref\":\"x\",\"y\":\"Education\",\"yref\":\"y\"},{\"font\":{\"color\":\"#FFFFFF\"},\"showarrow\":false,\"text\":\"0.04\",\"x\":\"JobInvolvement\",\"xref\":\"x\",\"y\":\"Education\",\"yref\":\"y\"},{\"font\":{\"color\":\"#FFFFFF\"},\"showarrow\":false,\"text\":\"0.1\",\"x\":\"JobLevel\",\"xref\":\"x\",\"y\":\"Education\",\"yref\":\"y\"},{\"font\":{\"color\":\"#FFFFFF\"},\"showarrow\":false,\"text\":\"-0.01\",\"x\":\"JobSatisfaction\",\"xref\":\"x\",\"y\":\"Education\",\"yref\":\"y\"},{\"font\":{\"color\":\"#FFFFFF\"},\"showarrow\":false,\"text\":\"0.09\",\"x\":\"MonthlyIncome\",\"xref\":\"x\",\"y\":\"Education\",\"yref\":\"y\"},{\"font\":{\"color\":\"#FFFFFF\"},\"showarrow\":false,\"text\":\"0.13\",\"x\":\"NumCompaniesWorked\",\"xref\":\"x\",\"y\":\"Education\",\"yref\":\"y\"},{\"font\":{\"color\":\"#FFFFFF\"},\"showarrow\":false,\"text\":\"-0.02\",\"x\":\"OverTime\",\"xref\":\"x\",\"y\":\"Education\",\"yref\":\"y\"},{\"font\":{\"color\":\"#FFFFFF\"},\"showarrow\":false,\"text\":\"-0.01\",\"x\":\"PercentSalaryHike\",\"xref\":\"x\",\"y\":\"Education\",\"yref\":\"y\"},{\"font\":{\"color\":\"#FFFFFF\"},\"showarrow\":false,\"text\":\"-0.02\",\"x\":\"PerformanceRating\",\"xref\":\"x\",\"y\":\"Education\",\"yref\":\"y\"},{\"font\":{\"color\":\"#FFFFFF\"},\"showarrow\":false,\"text\":\"0.02\",\"x\":\"StockOptionLevel\",\"xref\":\"x\",\"y\":\"Education\",\"yref\":\"y\"},{\"font\":{\"color\":\"#FFFFFF\"},\"showarrow\":false,\"text\":\"0.15\",\"x\":\"TotalWorkingYears\",\"xref\":\"x\",\"y\":\"Education\",\"yref\":\"y\"},{\"font\":{\"color\":\"#FFFFFF\"},\"showarrow\":false,\"text\":\"-0.03\",\"x\":\"TrainingTimesLastYear\",\"xref\":\"x\",\"y\":\"Education\",\"yref\":\"y\"},{\"font\":{\"color\":\"#FFFFFF\"},\"showarrow\":false,\"text\":\"0.01\",\"x\":\"WorkLifeBalance\",\"xref\":\"x\",\"y\":\"Education\",\"yref\":\"y\"},{\"font\":{\"color\":\"#FFFFFF\"},\"showarrow\":false,\"text\":\"0.07\",\"x\":\"YearsAtCompany\",\"xref\":\"x\",\"y\":\"Education\",\"yref\":\"y\"},{\"font\":{\"color\":\"#FFFFFF\"},\"showarrow\":false,\"text\":\"0.06\",\"x\":\"YearsInCurrentRole\",\"xref\":\"x\",\"y\":\"Education\",\"yref\":\"y\"},{\"font\":{\"color\":\"#FFFFFF\"},\"showarrow\":false,\"text\":\"0.05\",\"x\":\"YearsSinceLastPromotion\",\"xref\":\"x\",\"y\":\"Education\",\"yref\":\"y\"},{\"font\":{\"color\":\"#FFFFFF\"},\"showarrow\":false,\"text\":\"0.07\",\"x\":\"YearsWithCurrManager\",\"xref\":\"x\",\"y\":\"Education\",\"yref\":\"y\"},{\"font\":{\"color\":\"#FFFFFF\"},\"showarrow\":false,\"text\":\"0.01\",\"x\":\"Age\",\"xref\":\"x\",\"y\":\"EnvironmentSatisfaction\",\"yref\":\"y\"},{\"font\":{\"color\":\"#FFFFFF\"},\"showarrow\":false,\"text\":\"-0.02\",\"x\":\"DistanceFromHome\",\"xref\":\"x\",\"y\":\"EnvironmentSatisfaction\",\"yref\":\"y\"},{\"font\":{\"color\":\"#FFFFFF\"},\"showarrow\":false,\"text\":\"-0.03\",\"x\":\"Education\",\"xref\":\"x\",\"y\":\"EnvironmentSatisfaction\",\"yref\":\"y\"},{\"font\":{\"color\":\"#000000\"},\"showarrow\":false,\"text\":\"1.0\",\"x\":\"EnvironmentSatisfaction\",\"xref\":\"x\",\"y\":\"EnvironmentSatisfaction\",\"yref\":\"y\"},{\"font\":{\"color\":\"#FFFFFF\"},\"showarrow\":false,\"text\":\"0.0\",\"x\":\"Gender\",\"xref\":\"x\",\"y\":\"EnvironmentSatisfaction\",\"yref\":\"y\"},{\"font\":{\"color\":\"#FFFFFF\"},\"showarrow\":false,\"text\":\"-0.01\",\"x\":\"JobInvolvement\",\"xref\":\"x\",\"y\":\"EnvironmentSatisfaction\",\"yref\":\"y\"},{\"font\":{\"color\":\"#FFFFFF\"},\"showarrow\":false,\"text\":\"0.0\",\"x\":\"JobLevel\",\"xref\":\"x\",\"y\":\"EnvironmentSatisfaction\",\"yref\":\"y\"},{\"font\":{\"color\":\"#FFFFFF\"},\"showarrow\":false,\"text\":\"-0.01\",\"x\":\"JobSatisfaction\",\"xref\":\"x\",\"y\":\"EnvironmentSatisfaction\",\"yref\":\"y\"},{\"font\":{\"color\":\"#FFFFFF\"},\"showarrow\":false,\"text\":\"-0.01\",\"x\":\"MonthlyIncome\",\"xref\":\"x\",\"y\":\"EnvironmentSatisfaction\",\"yref\":\"y\"},{\"font\":{\"color\":\"#FFFFFF\"},\"showarrow\":false,\"text\":\"0.01\",\"x\":\"NumCompaniesWorked\",\"xref\":\"x\",\"y\":\"EnvironmentSatisfaction\",\"yref\":\"y\"},{\"font\":{\"color\":\"#FFFFFF\"},\"showarrow\":false,\"text\":\"0.07\",\"x\":\"OverTime\",\"xref\":\"x\",\"y\":\"EnvironmentSatisfaction\",\"yref\":\"y\"},{\"font\":{\"color\":\"#FFFFFF\"},\"showarrow\":false,\"text\":\"-0.03\",\"x\":\"PercentSalaryHike\",\"xref\":\"x\",\"y\":\"EnvironmentSatisfaction\",\"yref\":\"y\"},{\"font\":{\"color\":\"#FFFFFF\"},\"showarrow\":false,\"text\":\"-0.03\",\"x\":\"PerformanceRating\",\"xref\":\"x\",\"y\":\"EnvironmentSatisfaction\",\"yref\":\"y\"},{\"font\":{\"color\":\"#FFFFFF\"},\"showarrow\":false,\"text\":\"0.0\",\"x\":\"StockOptionLevel\",\"xref\":\"x\",\"y\":\"EnvironmentSatisfaction\",\"yref\":\"y\"},{\"font\":{\"color\":\"#FFFFFF\"},\"showarrow\":false,\"text\":\"-0.0\",\"x\":\"TotalWorkingYears\",\"xref\":\"x\",\"y\":\"EnvironmentSatisfaction\",\"yref\":\"y\"},{\"font\":{\"color\":\"#FFFFFF\"},\"showarrow\":false,\"text\":\"-0.02\",\"x\":\"TrainingTimesLastYear\",\"xref\":\"x\",\"y\":\"EnvironmentSatisfaction\",\"yref\":\"y\"},{\"font\":{\"color\":\"#FFFFFF\"},\"showarrow\":